              precision    recall  f1-score   support

         <s>       1.00      1.00      1.00    866047
       <pad>       0.00      0.00      0.00  16660176
        </s>       0.18      1.00      0.31    866047
           O       0.91      0.98      0.95 164782550
          O.       0.85      0.91      0.88   6695061
          O,       0.76      0.72      0.74   7978387
       upper       0.93      0.93      0.93  22619287
      upper.       0.88      0.91      0.90   1274360
      upper,       0.85      0.75      0.79   1698211

    accuracy                           0.89 223440126
   macro avg       0.71      0.80      0.72 223440126
weighted avg       0.84      0.89      0.86 223440126
