              precision    recall  f1-score   support

         <s>       1.00      1.00      1.00    866047
       <pad>       0.00      0.00      0.00  16660225
        </s>       0.15      1.00      0.26    866047
           O       0.92      0.98      0.95 164781026
          O.       0.87      0.91      0.89   6695908
          O,       0.74      0.73      0.74   7978332
       upper       0.93      0.93      0.93  22619487
      upper.       0.88      0.91      0.90   1274803
      upper,       0.84      0.76      0.79   1698251

    accuracy                           0.89 223440126
   macro avg       0.70      0.80      0.72 223440126
weighted avg       0.84      0.89      0.86 223440126
