              precision    recall  f1-score   support

         <s>       1.00      1.00      1.00    866047
       <pad>       0.00      0.00      0.00  16656326
        </s>       0.07      1.00      0.14    866047
           O       0.94      0.98      0.96 164784710
          O.       0.87      0.89      0.88   6695709
          O,       0.79      0.70      0.74   7978877
       upper       0.92      0.92      0.92  22619265
      upper.       0.83      0.89      0.86   1274652
      upper,       0.83      0.74      0.78   1698493

    accuracy                           0.89 223440126
   macro avg       0.70      0.79      0.70 223440126
weighted avg       0.86      0.89      0.87 223440126
