              precision    recall  f1-score   support

         <s>       1.00      1.00      1.00    866047
       <pad>       0.00      0.00      0.00  16652175
        </s>       0.19      1.00      0.32    866047
           O       0.91      0.98      0.95 164787589
          O.       0.86      0.91      0.89   6696389
          O,       0.76      0.73      0.75   7978505
       upper       0.93      0.93      0.93  22620278
      upper.       0.87      0.91      0.89   1274658
      upper,       0.83      0.75      0.79   1698438

    accuracy                           0.89 223440126
   macro avg       0.71      0.80      0.72 223440126
weighted avg       0.83      0.89      0.86 223440126
