              precision    recall  f1-score   support

         <s>       1.00      1.00      1.00    866047
       <pad>       0.00      0.00      0.00  16655458
        </s>       0.30      1.00      0.46    866047
           O       0.90      0.98      0.94 164785006
          O.       0.86      0.91      0.88   6695951
          O,       0.75      0.73      0.74   7978488
       upper       0.93      0.93      0.93  22620183
      upper.       0.88      0.91      0.90   1274460
      upper,       0.83      0.76      0.79   1698486

    accuracy                           0.89 223440126
   macro avg       0.72      0.80      0.74 223440126
weighted avg       0.83      0.89      0.86 223440126
