              precision    recall  f1-score   support

         <s>       1.00      1.00      1.00    866047
       <pad>       0.00      0.00      0.00  16660589
        </s>       0.34      1.00      0.51    866047
           O       0.90      0.98      0.94 164781495
          O.       0.86      0.90      0.88   6695422
          O,       0.77      0.72      0.75   7978422
       upper       0.93      0.93      0.93  22619199
      upper.       0.88      0.90      0.89   1274521
      upper,       0.85      0.74      0.79   1698384

    accuracy                           0.89 223440126
   macro avg       0.73      0.80      0.74 223440126
weighted avg       0.83      0.89      0.86 223440126
