              precision    recall  f1-score   support

         <s>       1.00      1.00      1.00    866047
       <pad>       0.00      0.00      0.00  16661852
        </s>       0.29      1.00      0.45    866047
           O       0.90      0.98      0.94 164781358
          O.       0.86      0.90      0.88   6695431
          O,       0.79      0.71      0.75   7977895
       upper       0.92      0.93      0.93  22618641
      upper.       0.87      0.90      0.89   1274418
      upper,       0.85      0.74      0.79   1698437

    accuracy                           0.89 223440126
   macro avg       0.72      0.80      0.74 223440126
weighted avg       0.83      0.89      0.86 223440126
