              precision    recall  f1-score   support

         <s>       1.00      1.00      1.00    888831
       <pad>       0.00      0.00      0.00  17432905
        </s>       0.05      1.00      0.09    888831
           O       0.98      0.99      0.98 165292882
          O.       0.90      0.92      0.91   6713513
          O,       0.82      0.73      0.77   8017810
          O?       0.00      0.00      0.00         0
       upper       0.94      0.94      0.94  26132142
      upper.       0.89      0.92      0.91   1735920
      upper,       0.87      0.77      0.81   2215564
      upper?       0.00      0.00      0.00         0

   micro avg       0.89      0.89      0.89 229318398
   macro avg       0.59      0.66      0.58 229318398
weighted avg       0.89      0.89      0.89 229318398
