              precision    recall  f1-score   support

         <s>       0.45      1.00      0.62    267263
       <pad>       0.00      0.00      0.00   4618828
        </s>       0.06      1.00      0.11    267263
           O       0.98      0.98      0.98  50432763
          O.       0.90      0.93      0.92   3461265
          O,       0.77      0.72      0.74   1974388
       upper       0.93      0.92      0.92   6544513
      upper.       0.87      0.86      0.87    741661
      upper,       0.77      0.76      0.76    645910

    accuracy                           0.90  68953854
   macro avg       0.64      0.80      0.66  68953854
weighted avg       0.89      0.90      0.89  68953854
