              precision    recall  f1-score   support

         <s>       0.36      1.00      0.53    941055
       <pad>       0.00      0.00      0.00  19722960
        </s>       0.05      1.00      0.09    941055
           O       0.98      0.99      0.98 172919541
          O.       0.92      0.93      0.93   7304646
          O,       0.82      0.76      0.79   8671315
       upper       0.94      0.95      0.95  28049257
      upper.       0.91      0.94      0.92   1869616
      upper,       0.88      0.80      0.83   2372745

    accuracy                           0.89 242792190
   macro avg       0.65      0.82      0.67 242792190
weighted avg       0.88      0.89      0.88 242792190
