              precision    recall  f1-score   support

         <s>       1.00      1.00      1.00      2303
       <pad>       1.00      1.00      1.00     27415
        </s>       1.00      1.00      1.00      2303
           O       1.00      1.00      1.00    338600
          O.       1.00      1.00      1.00     43177
          O,       1.00      1.00      1.00     13706
       upper       1.00      1.00      1.00    134320
      upper.       1.00      0.99      0.99      3090
      upper,       1.00      1.00      1.00     29260

    accuracy                           1.00    594174
   macro avg       1.00      1.00      1.00    594174
weighted avg       1.00      1.00      1.00    594174
