              precision    recall  f1-score   support

         <s>       0.52      1.00      0.68    941055
       <pad>       0.00      0.00      0.00  19273969
        </s>       0.05      1.00      0.09    941055
           O       0.98      0.98      0.98 173461997
          O.       0.91      0.92      0.92   7220951
          O,       0.82      0.74      0.78   8686811
       upper       0.94      0.94      0.94  28035482
      upper.       0.91      0.92      0.92   1849091
      upper,       0.86      0.79      0.82   2381779

    accuracy                           0.89 242792190
   macro avg       0.67      0.81      0.68 242792190
weighted avg       0.88      0.89      0.88 242792190
