              precision    recall  f1-score   support

         <s>       0.36      1.00      0.53    941055
       <pad>       0.00      0.00      0.00  19726289
        </s>       0.05      1.00      0.09    941055
           O       0.98      0.98      0.98 172918828
          O.       0.92      0.93      0.92   7305520
          O,       0.82      0.76      0.79   8671028
       upper       0.94      0.95      0.95  28047572
      upper.       0.91      0.94      0.92   1868655
      upper,       0.87      0.80      0.83   2372188

    accuracy                           0.89 242792190
   macro avg       0.65      0.82      0.67 242792190
weighted avg       0.88      0.89      0.88 242792190
