              precision    recall  f1-score   support

         <s>       1.00      1.00      1.00    888831
       <pad>       0.00      0.00      0.00  17436054
        </s>       0.05      1.00      0.09    888831
           O       0.98      0.98      0.98 165290411
          O.       0.89      0.91      0.90   6711592
          O,       0.81      0.72      0.76   8018281
          O?       0.00      0.00      0.00         0
       upper       0.93      0.93      0.93  26132623
      upper.       0.89      0.90      0.90   1736007
      upper,       0.86      0.75      0.80   2215768
      upper?       0.00      0.00      0.00         0

   micro avg       0.89      0.89      0.89 229318398
   macro avg       0.58      0.65      0.58 229318398
weighted avg       0.88      0.89      0.89 229318398
