              precision    recall  f1-score   support

         <s>       0.95      1.00      0.97    888831
       <pad>       0.00      0.00      0.00  17434236
        </s>       0.05      1.00      0.09    888831
           O       0.98      0.98      0.98 165293118
          O.       0.90      0.91      0.90   6711737
          O,       0.80      0.73      0.76   8017914
       upper       0.93      0.94      0.94  26131962
      upper.       0.90      0.90      0.90   1736087
      upper,       0.85      0.77      0.81   2215682

    accuracy                           0.89 229318398
   macro avg       0.71      0.80      0.71 229318398
weighted avg       0.89      0.89      0.89 229318398
