              precision    recall  f1-score   support

         <s>       0.80      1.00      0.89    888831
       <pad>       0.00      0.00      0.00  17427043
        </s>       0.05      1.00      0.09    888831
           O       0.98      0.98      0.98 165296597
          O.       0.90      0.92      0.91   6713103
          O,       0.81      0.74      0.77   8018048
       upper       0.94      0.94      0.94  26134211
      upper.       0.90      0.93      0.91   1736070
      upper,       0.87      0.78      0.82   2215664

    accuracy                           0.89 229318398
   macro avg       0.69      0.81      0.70 229318398
weighted avg       0.89      0.89      0.89 229318398
