              precision    recall  f1-score   support

         <s>       0.98      1.00      0.99     60927
       <pad>       0.00      0.00      0.00   1050965
        </s>       0.05      1.00      0.10     60927
           O       0.98      0.98      0.98  11823315
          O.       0.87      0.89      0.88    671741
          O,       0.72      0.72      0.72    388973
       upper       0.89      0.90      0.90   1417278
      upper.       0.79      0.81      0.80    115302
      upper,       0.73      0.74      0.74    129738

    accuracy                           0.89  15719166
   macro avg       0.67      0.78      0.68  15719166
weighted avg       0.89      0.89      0.89  15719166
