              precision    recall  f1-score   support

         <s>       0.98      1.00      0.99    714751
       <pad>       0.00      0.00      0.00  13509728
        </s>       0.05      1.00      0.10    714751
           O       0.98      0.98      0.98 137132310
          O.       0.89      0.91      0.90   5720321
          O,       0.81      0.73      0.77   6534651
       upper       0.93      0.93      0.93  18015868
      upper.       0.87      0.91      0.89    901112
      upper,       0.87      0.77      0.82   1162266

    accuracy                           0.89 184405758
   macro avg       0.71      0.80      0.71 184405758
weighted avg       0.89      0.89      0.89 184405758
