              precision    recall  f1-score   support

         <s>       0.53      1.00      0.69    537343
       <pad>       0.00      0.00      0.00  10550608
        </s>       0.05      1.00      0.10    537343
           O       0.98      0.98      0.98  99802967
          O.       0.89      0.89      0.89   3807112
          O,       0.78      0.74      0.76   4820728
          O?       0.85      0.81      0.83    232662
       upper       0.93      0.93      0.93  15848466
      upper.       0.89      0.91      0.90   1062344
      upper,       0.85      0.78      0.81   1411433
      upper?       0.77      0.64      0.70     23488

    accuracy                           0.89 138634494
   macro avg       0.68      0.79      0.69 138634494
weighted avg       0.88      0.89      0.88 138634494
