              precision    recall  f1-score   support

         <s>       0.99      1.00      1.00     61439
       <pad>       0.00      0.00      0.00   1052885
        </s>       0.06      1.00      0.10     61439
           O       0.98      0.98      0.98  11907821
          O.       0.89      0.89      0.89    682725
          O,       0.77      0.70      0.73    396828
       upper       0.91      0.90      0.90   1430849
      upper.       0.83      0.81      0.82    125186
      upper,       0.75      0.77      0.76    132090

    accuracy                           0.90  15851262
   macro avg       0.69      0.78      0.69  15851262
weighted avg       0.89      0.90      0.89  15851262
