              precision    recall  f1-score   support

         <s>       0.76      1.00      0.86    888831
       <pad>       0.00      0.00      0.00  17435359
        </s>       0.05      1.00      0.09    888831
           O       0.98      0.98      0.98 165291620
          O.       0.90      0.92      0.91   6712572
          O,       0.81      0.74      0.78   8018124
       upper       0.94      0.94      0.94  26131461
      upper.       0.90      0.93      0.91   1735903
      upper,       0.87      0.77      0.82   2215697

    accuracy                           0.89 229318398
   macro avg       0.69      0.81      0.70 229318398
weighted avg       0.89      0.89      0.89 229318398
