              precision    recall  f1-score   support

         <s>       0.74      1.00      0.85    888831
       <pad>       0.00      0.00      0.00  17430177
        </s>       0.05      1.00      0.09    888831
           O       0.98      0.99      0.98 165294983
          O.       0.91      0.92      0.91   6712323
          O,       0.82      0.74      0.78   8018206
       upper       0.94      0.94      0.94  26133005
      upper.       0.91      0.92      0.91   1736333
      upper,       0.87      0.78      0.82   2215709

    accuracy                           0.89 229318398
   macro avg       0.69      0.81      0.70 229318398
weighted avg       0.89      0.89      0.89 229318398
