              precision    recall  f1-score   support

         <s>       0.97      1.00      0.98    888831
       <pad>       0.00      0.00      0.00  17435553
        </s>       0.05      1.00      0.09    888831
           O       0.98      0.98      0.98 165291052
          O.       0.90      0.91      0.91   6712548
          O,       0.80      0.74      0.77   8017747
       upper       0.94      0.94      0.94  26131853
      upper.       0.90      0.92      0.91   1736302
      upper,       0.86      0.77      0.81   2215681

    accuracy                           0.89 229318398
   macro avg       0.71      0.81      0.71 229318398
weighted avg       0.89      0.89      0.89 229318398
