              precision    recall  f1-score   support

         <s>       1.00      1.00      1.00    888831
       <pad>       0.00      0.00      0.00  17824055
        </s>       0.05      1.00      0.09    888831
           O       0.98      0.98      0.98 164813061
          O.       0.90      0.91      0.90   6786391
          O,       0.81      0.72      0.76   8005857
       upper       0.93      0.94      0.94  26150491
      upper.       0.89      0.92      0.90   1753978
      upper,       0.86      0.76      0.81   2206903

    accuracy                           0.89 229318398
   macro avg       0.71      0.80      0.71 229318398
weighted avg       0.88      0.89      0.88 229318398
